11 12 120
12 13 120
12 11 120
13 14 120
13 12 120
14 15 120
14 13 120
15 16 120
15 14 120
16 17 120
16 15 120
17 27 120
17 16 120
18 19 120
18 28 120
19 110 120
19 18 120
21 22 120
22 23 120
22 21 120
23 24 120
23 22 120
24 25 120
24 23 120
25 26 120
25 24 120
26 27 120
26 25 120
27 28 120
27 28 120
27 17 120
27 26 120
28 18 120
28 29 120
28 27 120
28 27 120
29 210 120
29 28 120
31 32 120
32 33 120
32 31 120
33 34 120
33 32 120
34 35 120
34 33 120
35 36 120
35 34 120
36 37 120
36 35 120
37 38 120
37 36 120
38 39 120
38 37 120
39 310 120
39 38 120
42 43 120
42 112 120
43 211 120
43 42 120
44 45 120
44 211 120
45 46 120
45 44 120
46 47 120
46 45 120
47 46 120
51 52 120
52 53 120
52 51 120
53 54 120
53 52 120
54 55 120
54 53 120
55 56 120
55 54 120
56 57 120
56 55 120
57 56 120
110 313 120
110 19 120
111 112 120
111 313 120
112 113 120
112 315 120
112 42 120
112 111 120
112 314 120
113 114 120
113 112 120
114 115 120
114 113 120
115 116 120
115 114 120
116 117 120
116 115 120
117 118 120
117 116 120
118 119 120
118 117 120
119 120 120
119 118 120
120 121 120
120 119 120
121 120 120
210 211 120
210 29 120
211 212 120
211 44 120
211 210 120
211 43 120
212 213 120
212 211 120
213 214 120
213 212 120
214 213 120
310 311 120
310 39 120
311 312 120
311 310 120
312 313 120
312 311 120
313 111 120
313 314 120
313 110 120
313 312 120
314 112 120
314 313 120
315 316 120
315 112 120
316 317 120
316 315 120
317 318 120
317 316 120
318 317 120
911 11 119
912 12 119
913 13 119
914 14 119
915 15 119
916 16 119
917 17 119
918 18 119
919 19 119
921 21 119
922 22 114
923 23 114
924 24 114
925 25 114
926 26 114
927 27 114
928 28 114
929 29 114
931 31 103
932 32 103
933 33 103
934 34 103
935 35 103
936 36 103
937 37 103
938 38 103
939 39 103
942 42 90
943 43 90
944 44 90
945 45 90
946 46 90
947 47 90
951 51 222
952 52 222
953 53 222
954 54 222
955 55 222
956 56 222
957 57 222
9110 110 119
9111 111 119
9112 112 119
9113 113 119
9114 114 119
9115 115 119
9116 116 119
9117 117 119
9118 118 119
9119 119 119
9120 120 119
9121 121 119
9210 210 114
9211 211 114
9212 212 114
9213 213 114
9214 214 114
9310 310 103
9311 311 103
9312 312 103
9313 313 103
9314 314 103
9315 315 103
9316 316 103
9317 317 103
9318 318 103
